012026030400                                                                                                                                                                                                                                                    
022026030402PETR4       010                             00000000037500000000003750000000000375000000000037500000000003750                                                 000000000000000000                                                         
022026030410PETR4F      070                             00000000037500000000003750000000000375000000000037500000000003750                                                 000000000000000000                                                         
022026030402VALE3       010                             00000000062000000000006200000000000620000000000062000000000006200                                                 000000000000000000                                                         
022026030410VALE3F      070                             00000000062000000000006200000000000620000000000062000000000006200                                                 000000000000000000                                                         
022026030402ITUB4       010                             00000000030000000000003000000000000300000000000030000000000003000                                                 000000000000000000                                                         
022026030410ITUB4F      070                             00000000030000000000003000000000000300000000000030000000000003000                                                 000000000000000000                                                         
022026030402B3SA3       010                             00000000013500000000001350000000000135000000000013500000000001350                                                 000000000000000000                                                         
022026030410B3SA3F      070                             00000000013500000000001350000000000135000000000013500000000001350                                                 000000000000000000                                                         
022026030402ABEV3       010                             00000000012800000000001280000000000128000000000012800000000001280                                                 000000000000000000                                                         
022026030410ABEV3F      070                             00000000012800000000001280000000000128000000000012800000000001280                                                 000000000000000000                                                         
992026030400007                                                                                                                                                                                                                                                
